nocont=[
28.20515294
28.30672952
28.44216976
28.54375352
28.64534035
28.78079426
28.88238827
29.01785174
29.11945294
29.25492598
29.3904045
29.49201698
29.62750507
29.76299864
29.83074747
29.96624925
30.06787917
30.20339053
30.30502764
30.47442968
30.576075
30.7116069
30.84714428
30.9488009
31.08434787
31.1521234
31.25378928
31.38934857
31.52491335
31.59269779
31.66048361
31.7621649
31.89774475
31.93164058
32.03333009
32.10112482
32.16892092
32.27061764
32.40621806
32.44011902
32.47402033
32.60962898
32.67743537
32.71133908
32.81305226
32.84695733
32.91476852
32.98258108
33.05039501
33.0843025
33.15211849
33.186027
33.186027
33.28775459
33.32166447
33.3555747
33.42339618
33.45730743
33.45730743
33.59295589
33.62686886
33.59295589
33.66078218
33.69469583
33.66078218
33.76252418
33.79643887
33.79643887
33.8303539
33.8303539
33.86426928
33.898185
33.898185
33.96601746
33.99993421
33.99993421
34.06776874
34.03385131
34.10168652
34.10168652
34.13560464
34.16952311
34.16952311
34.16952311
34.20344192
34.23736107
34.27128057
34.27128057
34.27128057
34.30520041
34.30520041
34.30520041
34.37304112
34.37304112
34.37304112
34.40696199
34.40696199
34.4408832
34.47480476
34.47480476
34.50872666
34.50872666
34.50872666
34.50872666
34.54264891
34.54264891
34.57657149
34.54264891
34.57657149
34.57657149
34.57657149
34.6444177
34.57657149
34.61049443
34.6444177
34.6444177
34.61049443
34.67834132
34.6444177
34.67834132
34.67834132
34.74618959
34.6444177
34.71226528
34.71226528
34.78011424
34.71226528
34.74618959
34.74618959
34.71226528
34.74618959
34.74618959
34.81403923
34.78011424
34.78011424
34.78011424
34.78011424
34.81403923
34.81403923
34.84796457
34.81403923
34.78011424
34.81403923
34.84796457
34.78011424
34.84796457
34.81403923
34.84796457
34.81403923
34.81403923
34.84796457
34.81403923
34.78011424
34.84796457
34.81403923
34.84796457
34.81403923
34.84796457
34.81403923
34.81403923
34.81403923
34.81403923
34.84796457
34.88189025
34.84796457
34.84796457
34.84796457
34.81403923
34.88189025
34.84796457
34.84796457
34.88189025
34.84796457
34.81403923
34.84796457
34.88189025
34.91581628
34.88189025
34.84796457
34.84796457
34.84796457
34.88189025
34.84796457
34.94974265
34.91581628
34.84796457
34.88189025
34.84796457
34.91581628
34.88189025
34.91581628
34.88189025
34.88189025
34.91581628
34.88189025
34.88189025
34.88189025
34.91581628
34.88189025
34.91581628
34.88189025
34.94974265
34.88189025
34.94974265
34.94974265
34.91581628
34.91581628
34.91581628
34.91581628
34.94974265
34.91581628
34.91581628
34.91581628
34.88189025
34.91581628
34.88189025
34.91581628
34.91581628
34.88189025
34.88189025
34.88189025
34.84796457
34.91581628
34.91581628
34.91581628
34.91581628
34.88189025
34.88189025
34.88189025
34.88189025
34.84796457
34.88189025
34.88189025
34.84796457
34.84796457
34.84796457
34.84796457
34.81403923
34.88189025
34.84796457
34.88189025
34.84796457
34.88189025
34.81403923
34.84796457
34.81403923
34.81403923
34.81403923
34.81403923
34.84796457
34.81403923
34.81403923
34.81403923
34.81403923
34.78011424
34.78011424
34.78011424
34.81403923
34.78011424
34.81403923
34.78011424
34.78011424
34.78011424
34.78011424
34.78011424
34.81403923
34.81403923
34.78011424
34.78011424
34.78011424
34.78011424
34.74618959
34.81403923
34.78011424
34.78011424
34.78011424
34.78011424
34.74618959
34.78011424
34.78011424
34.71226528
34.74618959
34.74618959
34.78011424
34.71226528
34.74618959
34.74618959
34.71226528
34.71226528
34.74618959
34.71226528
34.74618959
34.78011424
34.71226528
34.74618959
34.74618959
34.74618959
34.71226528
34.71226528
34.71226528
34.71226528
34.71226528
34.71226528
34.71226528
34.71226528
34.67834132
34.67834132
34.71226528
34.71226528
34.71226528
34.67834132
34.71226528
34.6444177
34.67834132
34.6444177
34.6444177
34.67834132
34.6444177
34.6444177
34.6444177
34.67834132
34.6444177
34.6444177
34.6444177
34.67834132
34.6444177
34.61049443
34.61049443
34.61049443
34.61049443
34.61049443
34.6444177
34.57657149
34.57657149
34.61049443
34.54264891
34.54264891
34.57657149
34.57657149
34.54264891
34.57657149
34.54264891
34.57657149
34.54264891
34.57657149
34.50872666
34.57657149
34.54264891
34.54264891
34.54264891
34.47480476
34.54264891
34.50872666
34.50872666
34.47480476
34.50872666
34.47480476
34.50872666
34.47480476
34.50872666
34.47480476
34.47480476
34.47480476
34.47480476
34.4408832
34.47480476
34.40696199
34.4408832
34.40696199
34.4408832
34.4408832
34.40696199
34.4408832
34.4408832
34.4408832
34.4408832
34.40696199
34.37304112
34.37304112
34.37304112
34.33912059
34.37304112
34.33912059
34.37304112
34.33912059
34.33912059
34.37304112
34.33912059
34.33912059
34.30520041
34.30520041
34.30520041
34.33912059
34.30520041
34.30520041
34.30520041
34.27128057
34.30520041
34.30520041
34.30520041
34.23736107
34.27128057
34.27128057
34.23736107
34.23736107
34.23736107
34.20344192
34.23736107
34.23736107
34.20344192
34.20344192
34.20344192
34.23736107
34.20344192
34.23736107
34.20344192
34.16952311
34.20344192
34.16952311
34.13560464
34.23736107
34.16952311
34.16952311
34.16952311
34.16952311
34.16952311
34.16952311
34.13560464
34.06776874
34.13560464
34.13560464
34.10168652
34.06776874
34.06776874
34.10168652
34.10168652
34.06776874
34.06776874
34.10168652
34.10168652
34.10168652
34.10168652
34.10168652
34.03385131
34.06776874
34.03385131
34.06776874
34.06776874
34.06776874
33.99993421
33.99993421
33.99993421
33.99993421
34.03385131
34.03385131
33.99993421
33.99993421
34.03385131
33.99993421
33.99993421
33.99993421
33.96601746
33.96601746
33.96601746
33.96601746
33.898185
33.96601746
33.93210106
33.96601746
33.96601746
33.93210106
33.93210106
33.93210106
33.93210106
33.86426928
33.898185
33.86426928
33.86426928
33.86426928
33.86426928
33.86426928
33.898185
33.8303539
33.8303539
33.86426928
33.86426928
33.86426928
33.86426928
33.86426928
33.79643887
33.86426928
33.8303539
33.8303539
33.79643887
33.79643887
33.76252418
33.79643887
33.76252418
33.76252418
33.76252418
33.79643887
33.72860984
33.72860984
33.76252418
33.72860984
33.72860984
33.72860984
33.76252418
33.72860984
33.72860984
33.69469583
33.72860984
33.69469583
33.72860984
33.69469583
33.66078218
33.66078218
33.66078218
33.66078218
33.69469583
33.66078218
33.66078218
33.62686886
33.59295589
33.62686886
33.66078218
33.62686886
33.59295589
33.62686886
33.62686886
33.62686886
33.62686886
33.59295589
33.59295589
33.55904326
33.59295589
33.59295589
33.55904326
33.55904326
33.52513097
33.55904326
33.55904326
33.52513097
33.52513097
33.55904326
33.55904326
33.52513097
33.55904326
33.49121903
33.52513097
33.52513097
33.49121903
33.52513097
33.49121903
33.52513097
33.49121903
33.45730743
33.49121903
33.45730743
33.45730743
33.49121903
33.49121903
33.49121903
33.45730743
33.45730743
33.42339618
33.42339618
33.45730743
33.38948526
33.38948526
33.38948526
33.38948526
33.42339618
33.38948526
33.3555747
33.3555747
33.3555747
33.3555747
33.3555747
33.3555747
33.3555747
33.3555747
33.32166447
33.32166447
33.3555747
33.28775459
33.32166447
33.32166447
33.28775459
33.28775459
33.28775459
33.28775459
33.28775459
33.28775459
33.28775459
33.28775459
33.28775459
33.21993585
33.25384505
33.25384505
33.21993585
33.25384505
33.21993585
33.25384505
33.186027
33.21993585
33.21993585
33.21993585
33.21993585
33.21993585
33.186027
33.186027
33.15211849
33.186027
33.15211849
33.186027
33.186027
33.0843025
33.15211849
33.11821032
33.15211849
33.15211849
33.11821032
33.15211849
33.11821032
33.11821032
33.15211849
33.11821032
33.11821032
33.0843025
33.11821032
33.0843025
33.11821032
33.0843025
33.05039501
33.11821032
33.0843025
33.05039501
33.11821032
33.05039501
33.05039501
33.01648788
33.05039501
33.05039501
33.05039501
33.05039501
33.01648788
33.01648788
33.01648788
32.94867463
33.01648788
33.01648788
33.01648788
32.98258108
32.98258108
32.94867463
32.94867463
32.94867463
32.94867463
32.94867463
32.91476852
32.91476852
32.94867463
32.91476852
32.91476852
32.91476852
32.91476852
32.94867463
32.88086276
32.88086276
32.94867463
32.88086276
